6F000020
00000000
00000000
00000000
930E1000
73002030
00000000
00000000
930E2000
73002030
00000000
00000000
930E3000
73002030
00000000
00000000
930E4000
73002030
00000000
00000000
00000000
00000000
00000000
00000000
00000000
00000000
00000000
00000000
00000000
00000000
00000000
00000000
00000000
00000000
00000000
00000000
00000000
00000000
00000000
00000000
00000000
00000000
00000000
00000000
00000000
00000000
00000000
00000000
00000000
00000000
00000000
00000000
00000000
00000000
00000000
00000000
00000000
00000000
00000000
00000000
00000000
00000000
00000000
00000000
1308A002
73002030
00000000
00000000
9308A002
73002030
00000000
00000000
1309A002
73002030
00000000
00000000
9309A002
73002030
00000000
00000000
130AA002
73002030
00000000
00000000
930AA002
73002030
00000000
00000000
130BA002
73002030
00000000
00000000
930BA002
73002030
00000000
00000000
00000000
00000000
00000000
00000000
00000000
00000000
00000000
00000000
00000000
00000000
00000000
00000000
00000000
00000000
00000000
00000000
00000000
00000000
00000000
00000000
00000000
00000000
00000000
00000000
00000000
00000000
00000000
00000000
00000000
00000000
00000000
00000000
6945BD45
731A05B0
F33A4530
73AB4530
F35B24B0
73EC30B0
F37C00B0
02907300
00000000